%YAML:1.0
---
vocabulary: !!opencv-matrix
   rows: 20
   cols: 128
   dt: f
   data: [ 2.16017704e+01, 6.85840702e+00, 3.72566366e+00,
       3.27787628e+01, 8.06194687e+01, 2.10796452e+01, 4.55752230e+00,
       8.01769924e+00, 1.29176987e+02, 2.93185844e+01, 6.19469023e+00,
       1.62743359e+01, 2.05398235e+01, 3.87610626e+00, 3.35398221e+00,
       2.36194687e+01, 8.81415939e+01, 1.11327429e+01, 2.87610626e+00,
       6.74336290e+00, 1.86106186e+01, 6.19469023e+00, 4.82300901e+00,
       1.97522125e+01, 1.35663719e+01, 7.54867268e+00, 2.57522130e+00,
       5.91150427e+00, 1.95752220e+01, 7.08849573e+00, 4.38053083e+00,
       6.40707970e+00, 2.64159298e+01, 5.84070778e+00, 4.34513283e+00,
       4.69203529e+01, 1.11389381e+02, 2.91592922e+01, 2.46017694e+00,
       4.44247770e+00, 1.46194687e+02, 2.46460171e+01, 3.81415939e+00,
       1.41858406e+01, 2.68849564e+01, 5.28318596e+00, 2.09734511e+00,
       2.72300892e+01, 1.08256638e+02, 9.95575237e+00, 4.11504412e+00,
       9.28318596e+00, 2.66991158e+01, 1.00973454e+01, 3.15044236e+00,
       1.88053093e+01, 1.97876110e+01, 9.30088520e+00, 4.15044260e+00,
       8.53982258e+00, 2.40973454e+01, 5.86725664e+00, 2.34513283e+00,
       8.82300854e+00, 2.84513283e+01, 6.35398245e+00, 3.39823008e+00,
       4.18849564e+01, 1.15371681e+02, 3.66902657e+01, 2.59292030e+00,
       4.97345114e+00, 1.47088501e+02, 3.22212372e+01, 2.27433634e+00,
       7.74336290e+00, 2.77256641e+01, 1.09823008e+01, 2.15044236e+00,
       2.05752220e+01, 1.05522125e+02, 2.19557514e+01, 5.36283207e+00,
       9.33628273e+00, 3.04690266e+01, 7.87610626e+00, 2.24778771e+00,
       1.03805313e+01, 2.29557514e+01, 9.07964611e+00, 3.78761053e+00,
       1.03008852e+01, 2.68672562e+01, 5.30973434e+00, 3.01769900e+00,
       9.40707970e+00, 2.47433624e+01, 6.82300901e+00, 2.96460176e+00,
       2.49203529e+01, 9.11592941e+01, 3.11858406e+01, 3.84070802e+00,
       8.06194687e+00, 1.34699112e+02, 2.12477875e+01, 1.66371679e+00,
       4.99115038e+00, 2.40176983e+01, 1.41504421e+01, 6.22123909e+00,
       3.60088501e+01, 8.41504440e+01, 1.54690266e+01, 4.,
       8.06194687e+00, 2.55752220e+01, 5.66371679e+00, 2.61946893e+00,
       1.53274336e+01, 1.65840702e+01, 7.55752230e+00, 4.03539801e+00,
       1.09469023e+01, 2.38849564e+01, 5.57522106e+00, 2.28318572e+00,
       7.61946917e+00, 2.77543869e+01, 1.15614033e+01, 2.62280703e+00,
       2.69298244e+00, 5.18421078e+00, 2.84210539e+00, 3.59649122e-01,
       2.35087729e+00, 1.23728073e+02, 2.76666660e+01, 2.07894731e+00,
       3.49122810e+00, 1.72719307e+01, 9.86842155e+00, 2.37719297e+00,
       2.90263157e+01, 5.75526314e+01, 1.11140356e+01, 4.47368431e+00,
       2.49473686e+01, 9.09035110e+01, 2.67105274e+01, 4.01754379e+00,
       1.58684216e+01, 6.98596497e+01, 1.49912281e+01, 4.69298267e+00,
       1.17982454e+01, 3.64649124e+01, 1.09561405e+01, 2.52631569e+00,
       1.94561405e+01, 3.77807007e+01, 4.92105246e+00, 1.34210527e+00,
       3.13157892e+00, 8.60526276e+00, 6.77192974e+00, 2.24561405e+00,
       3.21929836e+00, 1.38473679e+02, 1.84385967e+01, 1.19298244e+00,
       4.42105246e+00, 2.26140347e+01, 8.29824543e+00, 2.17543864e+00,
       2.87456150e+01, 7.61315765e+01, 1.20877190e+01, 6.86842108e+00,
       3.47894745e+01, 1.23964912e+02, 3.17719307e+01, 3.06140351e+00,
       1.31578951e+01, 9.90263138e+01, 2.67543869e+01, 5.85087729e+00,
       1.05000000e+01, 4.87807007e+01, 1.09473686e+01, 3.01754379e+00,
       1.95350876e+01, 3.69298248e+01, 4.28070164e+00, 1.05263162e+00,
       2.28947377e+00, 1.00701752e+01, 12., 4.17543840e+00,
       4.01754379e+00, 1.35482452e+02, 3.21228065e+01, 3.77192974e+00,
       9.41228104e+00, 2.50877190e+01, 5.71929836e+00, 2.21052623e+00,
       1.70526314e+01, 7.35263138e+01, 1.69122810e+01, 6.71929836e+00,
       4.13333321e+01, 1.25043861e+02, 2.09298248e+01, 2.84210539e+00,
       1.03771935e+01, 1.03807022e+02, 3.28245621e+01, 3.34210539e+00,
       9.12280750e+00, 5.23070183e+01, 8.64035130e+00, 2.97368431e+00,
       1.79912281e+01, 2.70438595e+01, 5.05263138e+00, 5.35087705e-01,
       1.05263162e+00, 9.28947353e+00, 1.09210529e+01, 3.07017541e+00,
       4.94736862e+00, 1.15780701e+02, 2.92368431e+01, 4.22807026e+00,
       8.02631569e+00, 2.05789471e+01, 7.74561405e+00, 3.78070188e+00,
       2.09912281e+01, 5.33421059e+01, 1.36929827e+01, 5.04385948e+00,
       2.45526314e+01, 1.02991226e+02, 1.85964909e+01, 4.51754379e+00,
       1.29298248e+01, 7.91228104e+01, 2.48421059e+01, 2.05263162e+00,
       1.06666670e+01, 4.22631569e+01, 7.72807026e+00, 2.44736838e+00,
       1.46140356e+01, 3.32630157e+01, 6.12876749e+00, 1.34246576e+00,
       4.13150692e+00, 3.72876716e+00, 7.17808247e-01, 9.94520545e-01,
       3.52602744e+00, 1.74213699e+02, 2.89315071e+01, 6.68493152e-01,
       7.34246612e-01, 4.30137008e-01, 3.09589058e-01, 3.58904123e-01,
       2.81835632e+01, 1.40912338e+02, 1.85698643e+01, 1.78356171e+00,
       1.20273972e+00, 1.14520550e+00, 1.10410964e+00, 1.28219187e+00,
       2.30904121e+01, 2.23534260e+01, 9.40821934e+00, 3.06301379e+00,
       3.40000010e+00, 5.30684948e+00, 2.96438360e+00, 2.32876730e+00,
       8.24383545e+00, 4.26493149e+01, 3.90410972e+00, 9.83561695e-01,
       3.62739730e+00, 3.58904123e+00, 1.21917808e+00, 1.28493154e+00,
       4.06027412e+00, 1.77073975e+02, 1.99534245e+01, 5.26027441e-01,
       6.08219206e-01, 6.13698661e-01, 5.36986291e-01, 3.47945213e-01,
       2.95561657e+01, 1.63632874e+02, 1.90602741e+01, 2.75342464e+00,
       2.16986299e+00, 1.84657538e+00, 1.36712337e+00, 1.85479462e+00,
       1.99123287e+01, 2.96630154e+01, 1.24082193e+01, 4.75890446e+00,
       4.86575365e+00, 6.29863024e+00, 3.16438365e+00, 2.86301374e+00,
       9.24383545e+00, 4.29972610e+01, 3.15616441e+00, 6.87671244e-01,
       2.78356171e+00, 3.20547962e+00, 2.58356166e+00, 1.61917818e+00,
       4.47945213e+00, 1.77087677e+02, 2.93726044e+01, 3.28767121e-01,
       4.27397281e-01, 6.95890427e-01, 7.34246612e-01, 5.97260296e-01,
       2.10547943e+01, 1.60041107e+02, 2.20493164e+01, 3.80000019e+00,
       2.44931507e+00, 2.22739720e+00, 1.55342472e+00, 1.71780825e+00,
       1.75561657e+01, 2.80273972e+01, 1.12520552e+01, 5.73424673e+00,
       4.58904123e+00, 6.13972616e+00, 3.75616455e+00, 3.89041114e+00,
       1.05780821e+01, 3.43780823e+01, 2.26301384e+00, 5.75342476e-01,
       1.23561645e+00, 3.10410976e+00, 3.89041114e+00, 2.21917820e+00,
       8.15342522e+00, 1.72158905e+02, 2.32712326e+01, 1.94520548e-01,
       3.36986303e-01, 8.95890415e-01, 1.08767128e+00, 1.21917808e+00,
       3.67479477e+01, 1.34013702e+02, 1.99671230e+01, 1.75342464e+00,
       1.27945209e+00, 2.63835621e+00, 2.28219175e+00, 2.54520559e+00,
       2.08602753e+01, 2.10054798e+01, 7.97534275e+00, 3.51232886e+00,
       3.49589062e+00, 6.03561640e+00, 4.12602758e+00, 3.84931517e+00,
       8.67123318e+00, 9.13934422e+00, 7.66393423e+00, 1.17786875e+01,
       1.61803265e+01, 3.44016380e+01, 4.85327835e+01, 2.77950802e+01,
       1.83934422e+01, 4.27868843e+01, 3.31803246e+01, 2.33852444e+01,
       2.15819664e+01, 2.60819664e+01, 3.40081940e+01, 2.41557369e+01,
       2.31065559e+01, 6.74754028e+01, 3.74344254e+01, 1.41147537e+01,
       8.60655689e+00, 1.23032780e+01, 1.38934422e+01, 2.41147518e+01,
       3.82377014e+01, 2.14754086e+01, 1.09344254e+01, 6.16393423e+00,
       5.33606529e+00, 2.20245895e+01, 2.64426212e+01, 3.26311455e+01,
       2.76147518e+01, 1.01885242e+01, 1.38196716e+01, 1.06967211e+01,
       1.60573769e+01, 3.93770485e+01, 6.47622910e+01, 3.50655708e+01,
       1.88278675e+01, 4.46885223e+01, 1.87295074e+01, 1.82704906e+01,
       3.23524590e+01, 6.47213058e+01, 7.64344254e+01, 2.88688507e+01,
       1.79098358e+01, 1.21180321e+02, 4.41147499e+01, 1.69262295e+01,
       1.16721306e+01, 1.02377043e+01, 1.15655727e+01, 1.61147537e+01,
       4.62131119e+01, 4.02868843e+01, 1.30983601e+01, 8.97540951e+00,
       1.23442612e+01, 2.63606548e+01, 2.55245895e+01, 2.64508190e+01,
