%YAML:1.0
---
vocabulary: !!opencv-matrix
   rows: 3
   cols: 128
   dt: f
   data: [ 2.03961143e+01, 1.29402094e+01, 9.37070274e+00,
       1.23721972e+01, 2.10164433e+01, 1.89641247e+01, 1.30717487e+01,
       1.87384148e+01, 3.17115097e+01, 1.79775791e+01, 1.75620327e+01,
       2.40941696e+01, 3.35964127e+01, 2.05919285e+01, 1.47922268e+01,
       2.13378181e+01, 6.87982025e+01, 2.49028397e+01, 1.29147978e+01,
       1.14588938e+01, 1.27698059e+01, 1.07100153e+01, 1.39730940e+01,
       3.73348274e+01, 2.87847538e+01, 7.34828091e+00, 5.10762310e+00,
       8.91629314e+00, 2.12197304e+01, 1.90209274e+01, 1.86128559e+01,
       2.53602390e+01, 2.49715996e+01, 1.60508213e+01, 1.18579969e+01,
       1.82735424e+01, 2.86098652e+01, 2.38385658e+01, 1.66950665e+01,
       2.15246639e+01, 4.16113586e+01, 2.07369213e+01, 2.85949173e+01,
       5.29686089e+01, 6.53677139e+01, 3.42301941e+01, 1.41778774e+01,
       1.58430490e+01, 1.20053810e+02, 4.84633789e+01, 2.08923759e+01,
       1.41225710e+01, 1.23617334e+01, 7.96562052e+00, 7.43946171e+00,
       3.26487312e+01, 4.36068764e+01, 1.06875935e+01, 6.05680132e+00,
       1.34843054e+01, 2.77144985e+01, 2.10657692e+01, 1.40448427e+01,
       1.97653217e+01, 2.39626312e+01, 2.10508213e+01, 1.57219734e+01,
       2.41778774e+01, 3.02869949e+01, 1.69222717e+01, 1.14439459e+01,
       1.81614342e+01, 4.10224228e+01, 1.65246639e+01, 1.29476833e+01,
       3.57967110e+01, 6.90179367e+01, 5.07713013e+01, 2.71539612e+01,
       2.16487293e+01, 1.20844543e+02, 3.22600899e+01, 8.45291519e+00,
       8.69207764e+00, 1.24544096e+01, 1.36651716e+01, 1.88550072e+01,
       4.95919266e+01, 4.51225700e+01, 1.87234688e+01, 1.32541103e+01,
       2.08505230e+01, 2.68789234e+01, 1.39431992e+01, 5.86248112e+00,
       1.15142002e+01, 1.96621819e+01, 1.88370705e+01, 1.42645741e+01,
       1.94469357e+01, 2.49237671e+01, 1.07623320e+01, 8.12406540e+00,
       1.22884903e+01, 3.25336304e+01, 2.17249622e+01, 1.42645741e+01,
       2.18520184e+01, 3.93512688e+01, 2.18490276e+01, 1.52914801e+01,
       1.99252625e+01, 7.19850540e+01, 3.56576996e+01, 1.50254107e+01,
       1.29566517e+01, 1.20657701e+01, 1.00179377e+01, 1.22376680e+01,
       2.79626312e+01, 3.00657692e+01, 2.42182369e+01, 1.66950665e+01,
       1.96636772e+01, 2.00493279e+01, 7.82959652e+00, 4.51121092e+00,
       7.95366240e+00, 2.80292053e+01, 1.21178246e+01, 4.22960711e+00,
       6.41792536e+00, 1.28952665e+01, 4.71097660e+00, 1.06243706e+00,
       6.15407848e+00, 1.29200409e+02, 3.42165146e+01, 3.88418937e+00,
       2.45720029e+00, 2.98791552e+00, 1.59415913e+00, 1.52064455e+00,
       3.33947639e+01, 1.19046326e+02, 2.30221558e+01, 3.27794552e+00,
       1.99194360e+00, 2.81369591e+00, 2.63544822e+00, 6.53272915e+00,
       4.71772423e+01, 3.28992958e+01, 1.12557907e+01, 3.94360518e+00,
       3.45115805e+00, 7.98187304e+00, 8.13998032e+00, 1.12950659e+01,
       2.34783478e+01, 3.68006058e+01, 8.50755310e+00, 2.83987904e+00,
       6.28600216e+00, 1.70976830e+01, 7.57301092e+00, 1.80463243e+00,
       7.71601200e+00, 1.50617325e+02, 2.69758301e+01, 3.31017113e+00,
       2.25377655e+00, 3.82074523e+00, 2.80060434e+00, 2.39274931e+00,
       3.73937569e+01, 1.43994965e+02, 2.63282986e+01, 4.11278963e+00,
       2.61228609e+00, 3.51057410e+00, 3.23967767e+00, 5.79859018e+00,
       3.78398781e+01, 4.35387726e+01, 1.65166168e+01, 5.36354494e+00,
       4.37260818e+00, 9.31520653e+00, 7.60422945e+00, 7.18932533e+00,
       1.89405842e+01, 3.55971794e+01, 8.04330349e+00, 1.44612288e+00,
       4.38771391e+00, 1.70322247e+01, 9.81470299e+00, 4.75528717e+00,
       8.64551830e+00, 1.50378647e+02, 3.79778442e+01, 2.70191336e+00,
       1.47734141e+00, 4.19536734e+00, 3.96777439e+00, 4.14803648e+00,
       2.59818726e+01, 1.44014099e+02, 3.76102715e+01, 7.54582071e+00,
       2.94259810e+00, 3.62537766e+00, 3.05538774e+00, 3.62134933e+00,
       2.56988926e+01, 4.36324272e+01, 1.96626377e+01, 8.64350414e+00,
       6.13192368e+00, 9.28700924e+00, 5.47432041e+00, 5.24571991e+00,
       1.46535749e+01, 2.47734146e+01, 6.36153078e+00, 1.12487411e+00,
       2.99496484e+00, 1.25216513e+01, 7.98992968e+00, 6.22356510e+00,
       1.00100708e+01, 1.24508560e+02, 3.39345436e+01, 1.82578051e+00,
       9.39577043e-01, 3.28298092e+00, 4.24974823e+00, 5.67573023e+00,
       2.88549843e+01, 1.20838875e+02, 4.68932533e+01, 7.05639458e+00,
       2.12386703e+00, 2.40986919e+00, 2.11983895e+00, 3.13595176e+00,
       1.97089634e+01, 3.30060425e+01, 2.51913395e+01, 1.17291040e+01,
       6.34138966e+00, 7.20946646e+00, 4.26686811e+00, 3.73917413e+00,
       9.05639458e+00, 2.47592583e+01, 1.83831902e+01, 1.27435894e+01,
       1.65370369e+01, 1.88618240e+01, 7.45868921e+00, 4.82336187e+00,
       8.84472942e+00, 7.83589706e+01, 3.21780624e+01, 1.19843302e+01,
       1.22350426e+01, 1.57820511e+01, 8.54843330e+00, 9.90883160e+00,
       2.81310539e+01, 3.38504257e+01, 1.26054134e+01, 8.94301987e+00,
       2.37407398e+01, 4.99216537e+01, 2.13148155e+01, 1.52578344e+01,
       2.08760681e+01, 1.85056973e+01, 9.48717976e+00, 6.45156670e+00,
       1.70897427e+01, 2.97193737e+01, 1.48390312e+01, 1.21168089e+01,
       1.32037039e+01, 3.74287758e+01, 1.56139603e+01, 1.33589745e+01,
       2.13789177e+01, 2.62735043e+01, 1.12250710e+01, 4.72364664e+00,
       1.01225071e+01, 1.33612534e+02, 3.50441589e+01, 8.72934437e+00,
       9.49430180e+00, 1.75427341e+01, 1.25541306e+01, 1.65883198e+01,
       5.41096878e+01, 4.93603973e+01, 1.31638174e+01, 9.94301987e+00,
       3.38376083e+01, 8.08988571e+01, 4.86025620e+01, 2.58931618e+01,
       2.74586887e+01, 2.76054134e+01, 1.50612535e+01, 9.46296310e+00,
       1.84928780e+01, 3.76638184e+01, 1.84216518e+01, 1.31068373e+01,
       1.83874645e+01, 4.01039886e+01, 9.86182308e+00, 5.63960123e+00,
       1.46381769e+01, 2.60940170e+01, 1.69686604e+01, 1.02279205e+01,
       1.58589745e+01, 1.35360397e+02, 5.04430199e+01, 1.54074078e+01,
       1.31054134e+01, 1.75726490e+01, 8.60683727e+00, 7.44444418e+00,
       3.58048439e+01, 5.13931618e+01, 2.42977200e+01, 2.44544163e+01,
       4.70541306e+01, 8.21837616e+01, 3.63048439e+01, 1.11025639e+01,
       1.53803415e+01, 2.76025639e+01, 1.47222223e+01, 1.30327635e+01,
       1.92008553e+01, 3.78247871e+01, 1.84202271e+01, 1.11695156e+01,
       1.82863255e+01, 2.67891731e+01, 1.06111107e+01, 6.08404541e+00,
       8.77207947e+00, 1.86324787e+01, 1.28034191e+01, 1.00740738e+01,
       1.87079773e+01, 8.58390274e+01, 3.12820511e+01, 1.22094021e+01,
       1.00797720e+01, 1.47307692e+01, 9.08689499e+00, 9.83760643e+00,
       3.55170937e+01, 3.64173775e+01, 2.09601135e+01, 1.76253567e+01,
       2.27877483e+01, 4.96880341e+01, 2.09074078e+01, 9.96581173e+00,
       1.70313396e+01, 1.91424503e+01, 1.06239319e+01, 1.44757833e+01,
       1.76054134e+01, 3.01296291e+01, 1.45797720e+01, 9.50569820e+00,
       1.37108259e+01 ]
